labels 0 1
0 0.99999 9.77228e-06
0 0.99999 9.74627e-06
0 0.99999 9.80371e-06
0 0.99999 9.76521e-06
1 2.17817e-09 1
1 2.21796e-09 1
1 2.19109e-09 1
1 2.1768e-09 1
1 2.19571e-09 1
0 0.99999 9.77231e-06
0 0.99999 9.77286e-06
0 0.99999 9.78305e-06
0 0.99999 9.80071e-06
0 0.99999 9.77056e-06
0 0.99999 9.76285e-06
0 0.99999 9.76937e-06
0 0.99999 9.78611e-06
0 0.999977 2.31347e-05
0 0.99999 9.76243e-06
0 0.99999 9.7517e-06
0 0.99999 9.7665e-06
0 0.999985 1.46485e-05
0 0.99999 9.76348e-06
0 0.99999 9.77403e-06
0 0.99999 9.80582e-06
0 0.99999 9.76058e-06
0 0.99999 9.76839e-06
0 0.99999 9.76923e-06
0 0.99999 9.81769e-06
0 0.99999 1.03376e-05
0 0.99999 9.73104e-06
0 0.99999 9.76589e-06
0 0.99999 9.7368e-06
0 0.99999 9.76089e-06
0 0.99999 9.75644e-06
0 0.99999 9.81211e-06
0 0.99999 9.7233e-06
0 0.99999 9.82056e-06
0 0.99999 9.75064e-06
1 2.20329e-09 1
1 2.19953e-09 1
1 2.21704e-09 1
1 2.76703e-09 1
1 2.20909e-09 1
1 2.19222e-09 1
0 0.99999 9.72327e-06
0 0.99999 9.76588e-06
0 0.99999 9.73946e-06
0 0.99999 9.78315e-06
0 0.99999 9.76366e-06
0 0.99999 9.81796e-06
1 2.21093e-09 1
1 2.18651e-09 1
1 2.19124e-09 1
1 2.19254e-09 1
0 0.99999 9.78202e-06
0 0.99999 9.75786e-06
0 0.99999 9.77571e-06
0 0.99999 9.76832e-06
1 2.20655e-09 1
1 2.19643e-09 1
1 2.18922e-09 1
1 2.19903e-09 1
1 2.2176e-09 1
1 2.18142e-09 1
0 0.999878 0.000121549
0 0.999918 8.18654e-05
0 0.999964 3.62458e-05
0 0.99999 9.76173e-06
0 0.999956 4.36879e-05
0 0.99999 9.76544e-06
0 0.99999 9.75604e-06
0 0.99999 9.76866e-06
0 0.99999 9.72449e-06
0 0.99999 9.76998e-06
0 0.99999 9.79602e-06
0 0.99999 9.77033e-06
0 0.99999 9.75038e-06
0 0.999986 1.41998e-05
0 0.99999 9.76946e-06
0 0.99999 9.73778e-06
0 0.99999 9.80805e-06
0 0.99999 9.735e-06
0 0.99999 9.77226e-06
0 0.99999 9.79318e-06
0 0.99999 9.78514e-06
0 0.999989 1.05745e-05
0 0.99999 9.79394e-06
0 0.99999 9.76013e-06
1 2.19406e-09 1
1 2.20568e-09 1
1 2.19331e-09 1
1 2.1936e-09 1
1 2.17544e-09 1
1 2.18913e-09 1
1 2.17787e-09 1
1 2.18584e-09 1
1 2.17339e-09 1
1 2.19671e-09 1
1 2.19379e-09 1
1 2.20296e-09 1
1 2.20421e-09 1
1 2.17613e-09 1
1 2.19537e-09 1
1 2.19181e-09 1
1 3.39954e-06 0.999997
0 0.99999 9.78418e-06
0 0.99999 9.77079e-06
0 0.99999 9.77524e-06
0 0.99999 9.77179e-06
0 0.99999 9.74407e-06
0 0.99999 9.7736e-06
0 0.99999 9.75393e-06
0 0.99999 9.77322e-06
0 0.999984 1.61955e-05
1 2.17175e-09 1
1 2.2101e-09 1
1 8.46201e-08 1
1 2.18765e-09 1
1 2.19058e-09 1
1 2.19359e-09 1
1 2.20762e-09 1
1 2.19302e-09 1
1 2.2037e-09 1
1 2.19151e-09 1
1 2.19316e-09 1
1 2.17667e-09 1
1 2.20528e-09 1
1 2.19728e-09 1
1 8.67344e-09 1
1 3.25123e-08 1
1 2.18422e-09 1
1 3.4044e-09 1
1 2.20258e-09 1
1 1.30735e-08 1
1 2.20039e-09 1
1 2.19555e-09 1
1 2.19596e-09 1
1 2.19301e-09 1
1 2.18753e-09 1
1 2.21714e-09 1
1 2.19319e-09 1
1 2.17871e-09 1
1 2.1964e-09 1
1 2.19863e-09 1
1 2.17611e-09 1
1 2.19341e-09 1
0 0.99999 9.75767e-06
0 0.99999 9.77122e-06
1 2.21516e-09 1
1 2.19917e-09 1
1 2.19421e-09 1
1 2.17434e-09 1
1 2.19013e-09 1
1 2.19473e-09 1
0 0.99999 9.76831e-06
0 0.99999 9.77128e-06
0 0.999976 2.39105e-05
0 0.99999 9.7848e-06
0 0.99384 0.00615997
0 0.99999 9.58258e-06
0 0.99999 1.00925e-05
0 0.797977 0.202023
0 0.99999 9.7378e-06
0 0.99999 9.77185e-06
0 0.99999 9.77025e-06
0 0.99999 9.77322e-06
0 0.99999 9.73986e-06
0 0.99999 9.79667e-06
0 0.99999 9.79033e-06
1 2.17808e-09 1
1 2.18551e-09 1
1 2.19348e-09 1
0 0.99999 9.81204e-06
0 0.99999 9.75545e-06
0 0.99999 9.73683e-06
0 0.99999 9.76413e-06
0 0.99999 9.76225e-06
0 0.99999 9.77144e-06
0 0.99999 9.74685e-06
0 0.99999 9.6899e-06
0 0.99999 9.76453e-06
0 0.99999 9.7714e-06
0 0.99999 9.76625e-06
0 0.99999 9.78173e-06
0 0.99999 9.78234e-06
1 2.20349e-09 1
1 2.19554e-09 1
0 0.99999 9.76262e-06
0 0.99999 9.76806e-06
1 2.19822e-09 1
1 2.18741e-09 1
1 2.20973e-09 1
1 2.19315e-09 1
1 2.19081e-09 1
1 2.18066e-09 1
1 2.17139e-09 1
1 2.1794e-09 1
1 3.15986e-11 1
1 2.19703e-09 1
1 3.85032e-11 1
1 6.345e-10 1
0 0.99999 9.80755e-06
0 0.99999 9.76837e-06
0 0.99999 9.76614e-06
0 0.99999 9.75116e-06
1 2.21174e-09 1
1 2.20848e-09 1
1 2.18486e-09 1
1 2.17616e-09 1
1 2.18481e-09 1
1 2.18871e-09 1
1 2.19354e-09 1
1 2.1904e-09 1
0 0.99999 9.72048e-06
0 0.99999 9.76949e-06
1 2.19014e-09 1
1 2.1931e-09 1
1 2.18589e-09 1
1 2.18026e-09 1
0 0.99999 9.80066e-06
0 0.99999 9.7398e-06
1 2.17073e-09 1
1 3.71994e-08 1
1 2.20257e-09 1
1 2.19497e-09 1
1 2.19096e-09 1
1 2.21053e-09 1
1 2.91132e-09 1
1 2.2059e-09 1
1 2.19538e-09 1
1 2.17729e-09 1
1 2.18986e-09 1
1 2.20365e-09 1
1 1.29061e-08 1
1 2.19521e-09 1
1 2.2023e-09 1
1 2.20913e-09 1
1 2.19749e-09 1
1 2.17986e-09 1
1 2.1835e-09 1
1 6.82179e-08 1
1 2.19314e-09 1
1 1.1554e-08 1
1 2.19438e-09 1
1 3.82867e-07 1
1 2.18988e-09 1
1 5.97607e-09 1
1 2.19489e-09 1
1 2.19536e-09 1
1 2.21133e-09 1
1 2.19286e-09 1
1 2.20643e-09 1
0 0.99999 9.76596e-06
0 0.99999 9.76362e-06
1 2.19664e-09 1
1 2.20173e-09 1
0 0.716582 0.283418
0 0.769571 0.230429
0 0.63631 0.36369
1 0.109008 0.890992
1 0.211081 0.788919
0 0.888727 0.111273
0 0.758168 0.241832
0 0.83306 0.16694
0 0.594829 0.405171
1 0.0645086 0.935491
0 0.826696 0.173304
1 0.43552 0.56448
1 0.113243 0.886757
0 0.5 0.5
1 0.422991 0.577009
1 0.0136932 0.986307
1 0.155815 0.844185
1 0.18141 0.81859
1 0.0929682 0.907032
1 0.0648625 0.935137
1 0.434679 0.565321
1 0.185605 0.814395
0 0.661345 0.338655
1 0.201257 0.798743
1 0.304491 0.695509
1 0.258078 0.741922
0 0.707011 0.292989
0 0.859649 0.140351
1 0.316832 0.683168
1 0.352942 0.647058
1 0.201295 0.798705
0 0.908241 0.0917588
0 0.876591 0.123409
0 0.87643 0.12357
1 0.0186713 0.981329
1 0.0201437 0.979856
1 7.58487e-07 0.999999
1 0.0379412 0.962059
1 0.00335723 0.996643
1 0.00257464 0.997425
1 7.01728e-06 0.999993
1 0.00405053 0.995949
1 2.55365e-06 0.999997
1 1.25608e-07 1
0 0.97153 0.0284703
0 0.979668 0.0203317
0 0.944423 0.0555768
0 0.978421 0.0215788
0 0.999391 0.000608649
0 0.994942 0.00505839
1 6.28434e-08 1
1 5.42967e-08 1
1 7.33161e-08 1
1 0.0026883 0.997312
0 0.905423 0.0945775
0 0.89587 0.10413
1 1.97972e-07 1
1 0.0297282 0.970272
1 0.00269459 0.997305
1 0.040276 0.959724
0 0.811865 0.188135
0 0.814087 0.185913
0 0.775273 0.224727
0 0.767079 0.232921
0 0.63535 0.36465
0 0.587823 0.412177
0 0.752913 0.247087
0 0.718588 0.281412
1 0.0187042 0.981296
1 0.187484 0.812516
1 0.102498 0.897502
1 0.301458 0.698542
1 0.119374 0.880626
1 8.23208e-06 0.999992
1 5.54326e-08 1
1 1.48509e-07 1
1 1.0836e-05 0.999989
1 2.33375e-08 1
1 0.0203661 0.979634
1 0.0637852 0.936215
0 0.612537 0.387463
0 0.739825 0.260175
0 0.516285 0.483715
1 0.0336666 0.966333
1 0.0362926 0.963707
1 0.427874 0.572126
1 0.326377 0.673623
1 0.4644 0.5356
0 0.940037 0.0599632
0 0.960104 0.0398955
0 0.84572 0.15428
0 0.834077 0.165923
0 0.792887 0.207113
0 0.762489 0.237511
0 0.549422 0.450578
0 0.768933 0.231067
1 0.397005 0.602995
0 0.666395 0.333605
1 0.0265671 0.973433
1 0.0309599 0.96904
1 0.0166617 0.983338
1 1.31378e-07 1
0 0.57369 0.42631
1 0.459666 0.540334
0 0.781078 0.218922
0 0.732788 0.267212
0 0.751882 0.248118
0 0.855902 0.144098
0 0.700267 0.299733
0 0.577599 0.422401
0 0.859841 0.140159
0 0.804788 0.195212
1 0.19815 0.80185
1 0.198008 0.801992
1 0.0689646 0.931035
0 0.600547 0.399453
1 0.141975 0.858025
0 0.814077 0.185923
0 0.815692 0.184308
1 0.185294 0.814706
1 0.190336 0.809664
1 0.39078 0.60922
0 0.659591 0.340409
1 0.0180101 0.98199
0 0.760951 0.239049
0 0.772902 0.227098
0 0.816144 0.183856
0 0.821228 0.178772
0 0.793373 0.206627
1 0.0302708 0.969729
1 0.00592989 0.99407
0 0.795276 0.204724
0 0.837359 0.162641
0 0.791859 0.208141
0 0.828187 0.171813
1 0.432204 0.567796
0 0.858889 0.141111
0 0.805467 0.194533
0 0.729764 0.270236
0 0.872731 0.127269
0 0.664307 0.335693
0 0.860719 0.139281
0 0.841937 0.158063
0 0.861168 0.138832
0 0.951224 0.0487761
0 0.960944 0.0390556
1 0.0171789 0.982821
1 0.42108 0.57892
1 0.0165694 0.983431
1 0.246238 0.753762
0 0.541656 0.458344
0 0.746945 0.253055
1 0.318171 0.681829
1 0.454501 0.545499
0 0.997072 0.00292804
0 0.995292 0.00470753
1 0.0763202 0.92368
1 0.165177 0.834823
1 0.124025 0.875975
1 0.155647 0.844353
1 0.128094 0.871906
1 0.475372 0.524628
1 0.0546864 0.945314
0 0.583698 0.416302
1 0.121494 0.878506
0 0.901695 0.0983051
0 0.878421 0.121579
0 0.88414 0.11586
0 0.876229 0.123771
0 0.988884 0.0111157
0 0.903739 0.0962612
0 0.983253 0.0167468
0 0.998736 0.00126369
0 0.986325 0.0136746
0 0.999742 0.000258117
0 0.848109 0.151891
0 0.812703 0.187297
0 0.737047 0.262953
0 0.925736 0.0742641
0 0.968418 0.0315817
0 0.866965 0.133035
0 0.985929 0.0140715
0 0.879944 0.120056
0 0.971961 0.0280388
0 0.907044 0.0929558
0 0.928018 0.0719821
0 0.981715 0.0182851
0 0.871357 0.128643
0 0.893481 0.106519
0 0.959731 0.0402695
0 0.904249 0.0957505
0 0.995132 0.00486835
0 0.997247 0.00275342
0 0.917597 0.0824026
0 0.862069 0.137931
0 0.9954 0.00459967
0 0.983126 0.0168742
0 0.910078 0.089922
0 0.941545 0.0584551
0 0.938071 0.0619286
0 0.988439 0.0115615
0 0.906891 0.0931092
0 0.88945 0.11055
0 0.968531 0.0314694
0 0.981658 0.0183415
0 0.892275 0.107725
0 0.855255 0.144745
0 0.96287 0.03713
0 0.970849 0.0291508
0 0.976333 0.0236674
0 0.879882 0.120118
0 0.930063 0.0699374
0 0.856655 0.143345
0 0.948395 0.0516053
0 0.881226 0.118774
0 0.866402 0.133598
0 0.884943 0.115057
0 0.973303 0.0266969
0 0.9576 0.0424005
